/* Possible T-numbers for a degree 16 extension of Q_2 where the Galois group
   is a 2-group */
{
[ 1, 2, 4, 5, 6, 7, 8, 9, 10, 11, 12, 13, 14, 15, 16, 17, 19, 21, 22, 24, 26, 
27, 28, 29, 30, 31, 32, 33, 34, 35, 36, 37, 38, 39, 40, 41, 42, 43, 44, 45, 46, 
47, 48, 49, 50, 51, 52, 53, 54, 55, 56, 71, 72, 75, 76, 78, 84, 85, 86, 92, 93, 
94, 95, 99, 101, 102, 103, 104, 106, 107, 111, 112, 113, 114, 120, 122, 124, 
125, 126, 127, 128, 129, 130, 131, 132, 133, 134, 135, 136, 137, 138, 139, 140, 
141, 142, 143, 144, 145, 146, 147, 148, 149, 150, 151, 152, 153, 154, 155, 156, 
157, 158, 159, 160, 161, 162, 163, 164, 165, 166, 167, 168, 169, 170, 171, 172, 
173, 174, 175, 176, 177, 208, 209, 210, 211, 212, 213, 215, 216, 217, 218, 219, 
220, 221, 222, 224, 225, 226, 227, 228, 229, 230, 231, 233, 234, 235, 236, 237, 
238, 242, 243, 244, 247, 248, 249, 250, 251, 252, 254, 256, 257, 258, 259, 260, 
261, 263, 266, 267, 268, 272, 273, 274, 276, 278, 279, 280, 281, 283, 284, 285, 
286, 287, 289, 291, 292, 293, 294, 295, 297, 298, 299, 300, 302, 304, 305, 306, 
307, 310, 311, 314, 315, 316, 317, 318, 319, 321, 322, 324, 326, 327, 330, 331, 
332, 333, 334, 335, 336, 337, 338, 339, 340, 341, 342, 343, 344, 345, 346, 347, 
348, 349, 350, 351, 352, 353, 354, 355, 356, 357, 358, 359, 360, 361, 362, 363, 
364, 365, 366, 367, 368, 369, 370, 371, 372, 373, 374, 375, 376, 377, 378, 379, 
380, 381, 382, 383, 384, 385, 386, 387, 388, 389, 390, 391, 392, 393, 394, 395, 
396, 397, 398, 399, 400, 401, 402, 403, 404, 405, 406, 407, 408, 409, 410, 411, 
412, 413, 483, 485, 495, 499, 504, 518, 520, 534, 551, 554, 555, 556, 557, 558, 
561, 565, 567, 568, 572, 575, 577, 578, 587, 591, 605, 611, 627, 629, 633, 643, 
651, 655, 658, 659, 660, 661, 662, 663, 664, 665, 666, 667, 668, 669, 670, 671, 
672, 673, 674, 675, 676, 677, 678, 679, 680, 681, 682, 683, 684, 685, 686, 687, 
688, 689, 690, 691, 692, 693, 694, 695, 696, 697, 698, 699, 700, 701, 702, 703, 
704, 705, 706, 707, 811, 812, 813, 814, 815, 816, 817, 820, 821, 822, 823, 824, 
825, 826, 828, 829, 830, 831, 833, 834, 835, 836, 840, 841, 845, 846, 847, 848, 
849, 851, 852, 853, 854, 855, 858, 859, 862, 863, 864, 865, 867, 869, 871, 873, 
874, 876, 881, 882, 883, 884, 885, 887, 888, 890, 892, 893, 894, 895, 896, 897, 
898, 899, 900, 901, 904, 906, 910, 912, 914, 915, 916, 917, 918, 920, 921, 922, 
924, 926, 927, 928, 929, 930, 932, 933, 934, 936, 937, 938, 939, 940, 941, 942, 
943, 944, 945, 946, 947, 948, 949, 950, 951, 952, 953, 954, 955, 956, 957, 958, 
959, 960, 961, 962, 963, 964, 965, 966, 967, 968, 969, 970, 971, 972, 973, 974, 
975, 976, 977, 978, 979, 980, 981, 982, 983, 984, 985, 986, 987, 988, 989, 990, 
991, 992, 993, 994, 995, 996, 997, 998, 999, 1000, 1001, 1002, 1003, 1004, 1005,
1006, 1007, 1008, 1009, 1010, 1011, 1012, 1013, 1014, 1015, 1016, 1017, 1018, 
1019, 1020, 1021, 1022, 1023, 1024, 1025, 1026, 1108, 1112, 1120, 1132, 1134, 
1135, 1138, 1147, 1150, 1154, 1155, 1161, 1162, 1176, 1186, 1194, 1198, 1199, 
1200, 1204, 1215, 1216, 1217, 1223, 1227, 1236, 1239, 1243, 1244, 1248, 1249, 
1250, 1251, 1252, 1253, 1254, 1255, 1256, 1257, 1258, 1259, 1260, 1261, 1262, 
1263, 1264, 1265, 1266, 1267, 1268, 1269, 1270, 1271, 1272, 1273, 1274, 1275, 
1276, 1277, 1278, 1279, 1280, 1281, 1282, 1283, 1284, 1285, 1343, 1345, 1346, 
1351, 1353, 1354, 1355, 1356, 1357, 1358, 1359, 1360, 1361, 1362, 1364, 1365, 
1370, 1371, 1372, 1373, 1374, 1375, 1376, 1377, 1379, 1383, 1385, 1386, 1388, 
1390, 1391, 1393, 1395, 1396, 1397, 1398, 1399, 1401, 1402, 1404, 1405, 1406, 
1407, 1409, 1411, 1413, 1414, 1422, 1423, 1424, 1425, 1426, 1427, 1428, 1429, 
1430, 1431, 1432, 1434, 1435, 1436, 1437, 1438, 1439, 1440, 1441, 1442, 1443, 
1444, 1445, 1446, 1447, 1448, 1449, 1450, 1451, 1452, 1453, 1454, 1455, 1456, 
1457, 1458, 1459, 1460, 1461, 1462, 1463, 1464, 1465, 1466, 1467, 1468, 1469, 
1470, 1471, 1472, 1473, 1474, 1475, 1476, 1477, 1478, 1479, 1480, 1481, 1482, 
1483, 1484, 1485, 1486, 1487, 1488, 1489, 1490, 1491, 1572, 1582, 1584, 1585, 
1596, 1600, 1603, 1604, 1610, 1620, 1622, 1628, 1636, 1637, 1638, 1639, 1640, 
1641, 1642, 1643, 1644, 1645, 1646, 1647, 1698, 1699, 1702, 1704, 1706, 1709, 
1712, 1713, 1715, 1717, 1718, 1722, 1725, 1727, 1730, 1731, 1733, 1734, 1735, 
1736, 1737, 1738, 1739, 1740, 1741, 1742, 1743, 1744, 1745, 1746 ]
}
